N , J(N)
0 , -0.0100569
0.1 , -0.00990706
0.2 , -0.00973238
0.3 , -0.00953478
0.4 , -0.00931605
0.5 , -0.00907783
0.6 , -0.00882153
0.7 , -0.00854819
0.8 , -0.00825836
0.9 , -0.00795183
1 , -0.00762719
1.1 , -0.00728107
1.2 , -0.00690674
1.3 , -0.00649124
1.4 , -0.00600878
1.5 , -0.00540362
1.6 , -0.00453446
1.7 , -0.00292072
1.8 , 0.00274446
1.9 , -0.0257922
2 , -0.0107208
2.1 , -0.00848223
2.2 , -0.00748218
2.3 , -0.00686535
2.4 , -0.00641902
2.5 , -0.00606439
2.6 , -0.00576492
2.7 , -0.00550084
2.8 , -0.00526007
2.9 , -0.00503444
3 , -0.00481795
3.1 , -0.00460589
3.2 , -0.00439436
3.3 , -0.00418001
3.4 , -0.00395989
3.5 , -0.00373134
3.6 , -0.00349191
3.7 , -0.00323932
3.8 , -0.00297134
3.9 , -0.0026857
4 , -0.00237986
4.1 , -0.00205078
4.2 , -0.00169444
4.3 , -0.00130505
4.4 , -0.00087375
4.5 , -0.000386024
4.6 , 0.000183359
4.7 , 0.000881765
4.8 , 0.00180791
4.9 , 0.00320302
5 , 0.00584112
5.1 , 0.0142512
5.2 , -0.0717433
5.3 , -0.0107478
5.4 , -0.00570293
5.5 , -0.00372538
5.6 , -0.00262281
5.7 , -0.00189887
5.8 , -0.00137923
5.9 , -0.000986907
6 , -0.000682492
6.1 , -0.00044349
6.2 , -0.000255854
6.3 , -0.000110071
6.4 , 7.96285e-07
6.5 , 8.21727e-05
6.6 , 0.000138554
6.7 , 0.000173847
6.8 , 0.000191565
6.9 , 0.000194934
7 , 0.000186954
7.1 , 0.000170424
7.2 , 0.000147949
7.3 , 0.000121933
7.4 , 9.45727e-05
7.5 , 6.78397e-05
7.6 , 4.34713e-05
7.7 , 2.29592e-05
7.8 , 7.54236e-06
7.9 , -1.79559e-06
8 , -4.32497e-06
8.1 , 4.36339e-07
8.2 , 1.27335e-05
8.3 , 3.25898e-05
8.4 , 5.98249e-05
8.5 , 9.40765e-05
8.6 , 0.000134825
8.7 , 0.000181418
8.8 , 0.0002331
8.9 , 0.000289037
9 , 0.000348343
9.1 , 0.00041011
9.2 , 0.000473427
9.3 , 0.000537409
9.4 , 0.000601209
9.5 , 0.000664043
9.6 , 0.000725198
9.7 , 0.000784049
9.8 , 0.000840063
9.9 , 0.000892804
10 , 0.000941939
10.1 , 0.000987231
10.2 , 0.00102854
10.3 , 0.00106583
10.4 , 0.00109912
10.5 , 0.00112853
10.6 , 0.00115424
10.7 , 0.00117647
10.8 , 0.0011955
10.9 , 0.00121163
11 , 0.00122519
11.1 , 0.0012365
11.2 , 0.0012459
11.3 , 0.0012537
11.4 , 0.00126022
11.5 , 0.00126572
11.6 , 0.00127045
11.7 , 0.00127463
11.8 , 0.00127842
11.9 , 0.00128196
12 , 0.00128533
12.1 , 0.0012886
12.2 , 0.00129176
12.3 , 0.00129481
12.4 , 0.00129768
12.5 , 0.0013003
12.6 , 0.00130255
12.7 , 0.00130432
12.8 , 0.00130546
12.9 , 0.00130583
13 , 0.00130527
13.1 , 0.00130363
13.2 , 0.00130077
13.3 , 0.00129654
13.4 , 0.00129082
13.5 , 0.00128349
13.6 , 0.00127446
13.7 , 0.00126365
13.8 , 0.001251
13.9 , 0.00123648
14 , 0.00122007
14.1 , 0.00120178
14.2 , 0.00118162
14.3 , 0.00115965
14.4 , 0.00113591
14.5 , 0.00111049
14.6 , 0.00108347
14.7 , 0.00105495
14.8 , 0.00102504
14.9 , 0.000993854
15 , 0.000961511
15.1 , 0.000928134
15.2 , 0.000893847
15.3 , 0.000858774
15.4 , 0.000823035
15.5 , 0.000786746
15.6 , 0.000750021
15.7 , 0.000712966
15.8 , 0.000675681
15.9 , 0.000638258
16 , 0.000600783
16.1 , 0.000563336
16.2 , 0.000525986
16.3 , 0.000488799
16.4 , 0.000451831
16.5 , 0.000415134
16.6 , 0.000378754
16.7 , 0.00034273
16.8 , 0.000307099
16.9 , 0.000271893
17 , 0.000237142
17.1 , 0.000202871
17.2 , 0.000169106
17.3 , 0.00013587
17.4 , 0.000103185
17.5 , 7.10722e-05
17.6 , 3.95543e-05
17.7 , 8.6523e-06
17.8 , -2.1612e-05
17.9 , -5.12167e-05
18 , -8.01394e-05
18.1 , -0.000108358
18.2 , -0.000135848
18.3 , -0.000162589
18.4 , -0.000188557
18.5 , -0.000213729
18.6 , -0.000238085
18.7 , -0.000261603
18.8 , -0.000284264
18.9 , -0.000306049
19 , -0.000326942
19.1 , -0.000346927
19.2 , -0.000365993
19.3 , -0.000384127
19.4 , -0.000401321
19.5 , -0.000417571
19.6 , -0.000432871
19.7 , -0.000447222
19.8 , -0.000460625
19.9 , -0.000473085
20 , -0.000484606
20.1 , -0.0004952
20.2 , -0.000504876
20.3 , -0.000513648
20.4 , -0.000521531
20.5 , -0.000528543
20.6 , -0.000534701
20.7 , -0.000540025
20.8 , -0.000544536
20.9 , -0.000548257
21 , -0.000551209
21.1 , -0.000553417
21.2 , -0.000554903
21.3 , -0.000555693
21.4 , -0.000555809
21.5 , -0.000555276
21.6 , -0.000554118
21.7 , -0.000552358
21.8 , -0.000550021
21.9 , -0.000547128
22 , -0.000543702
22.1 , -0.000539766
22.2 , -0.00053534
22.3 , -0.000530446
22.4 , -0.000525103
22.5 , -0.000519332
22.6 , -0.000513152
22.7 , -0.000506581
22.8 , -0.000499637
22.9 , -0.000492339
23 , -0.000484704
23.1 , -0.000476748
23.2 , -0.000468489
23.3 , -0.000459941
23.4 , -0.000451121
23.5 , -0.000442045
23.6 , -0.000432727
23.7 , -0.000423182
23.8 , -0.000413426
23.9 , -0.000403472
24 , -0.000393334
24.1 , -0.000383027
24.2 , -0.000372564
24.3 , -0.000361958
24.4 , -0.000351223
24.5 , -0.000340372
24.6 , -0.000329417
24.7 , -0.000318372
24.8 , -0.000307247
24.9 , -0.000296055
25 , -0.000284808
25.1 , -0.000273516
25.2 , -0.000262192
25.3 , -0.000250846
25.4 , -0.000239489
25.5 , -0.00022813
25.6 , -0.00021678
25.7 , -0.000205449
25.8 , -0.000194145
25.9 , -0.000182878
26 , -0.000171657
26.1 , -0.000160491
26.2 , -0.000149387
26.3 , -0.000138354
26.4 , -0.0001274
26.5 , -0.000116531
26.6 , -0.000105757
26.7 , -9.5083e-05
26.8 , -8.45169e-05
26.9 , -7.40652e-05
27 , -6.37345e-05
27.1 , -5.35312e-05
27.2 , -4.34616e-05
27.3 , -3.35315e-05
27.4 , -2.3747e-05
27.5 , -1.41137e-05
27.6 , -4.6372e-06
27.7 , 4.67714e-06
27.8 , 1.38241e-05
27.9 , 2.27985e-05
28 , 3.15955e-05
28.1 , 4.02102e-05
28.2 , 4.86382e-05
28.3 , 5.68748e-05
28.4 , 6.49157e-05
28.5 , 7.2757e-05
28.6 , 8.03944e-05
28.7 , 8.78244e-05
28.8 , 9.50432e-05
28.9 , 0.000102047
29 , 0.000108834
29.1 , 0.000115399
29.2 , 0.000121741
29.3 , 0.000127856
29.4 , 0.000133742
29.5 , 0.000139396
29.6 , 0.000144818
29.7 , 0.000150004
29.8 , 0.000154953
29.9 , 0.000159664
30 , 0.000164135
30.1 , 0.000168365
30.2 , 0.000172355
30.3 , 0.000176102
30.4 , 0.000179607
30.5 , 0.000182869
30.6 , 0.000185889
30.7 , 0.000188667
30.8 , 0.000191204
30.9 , 0.0001935
31 , 0.000195556
31.1 , 0.000197373
31.2 , 0.000198953
31.3 , 0.000200298
31.4 , 0.000201409
31.5 , 0.000202289
31.6 , 0.00020294
31.7 , 0.000203363
31.8 , 0.000203563
31.9 , 0.000203542
32 , 0.000203303
32.1 , 0.000202849
32.2 , 0.000202184
32.3 , 0.000201312
32.4 , 0.000200236
32.5 , 0.000198962
32.6 , 0.000197492
32.7 , 0.000195832
32.8 , 0.000193986
32.9 , 0.000191958
33 , 0.000189755
33.1 , 0.000187381
33.2 , 0.00018484
33.3 , 0.00018214
33.4 , 0.000179284
33.5 , 0.000176279
33.6 , 0.000173131
33.7 , 0.000169845
33.8 , 0.000166427
33.9 , 0.000162883
34 , 0.000159219
34.1 , 0.000155442
34.2 , 0.000151557
34.3 , 0.000147572
34.4 , 0.000143491
34.5 , 0.000139322
34.6 , 0.000135071
34.7 , 0.000130744
34.8 , 0.000126347
34.9 , 0.000121887
35 , 0.00011737
35.1 , 0.000112803
35.2 , 0.000108191
35.3 , 0.00010354
35.4 , 9.88583e-05
35.5 , 9.41501e-05
35.6 , 8.94219e-05
35.7 , 8.46797e-05
35.8 , 7.99292e-05
35.9 , 7.51763e-05
36 , 7.04265e-05
36.1 , 6.56855e-05
36.2 , 6.09585e-05
36.3 , 5.62511e-05
36.4 , 5.15683e-05
36.5 , 4.69152e-05
36.6 , 4.22968e-05
36.7 , 3.77177e-05
36.8 , 3.31827e-05
36.9 , 2.86963e-05
37 , 2.42628e-05
37.1 , 1.98865e-05
37.2 , 1.55712e-05
37.3 , 1.1321e-05
37.4 , 7.13957e-06
37.5 , 3.03044e-06
37.6 , -1.00298e-06
37.7 , -4.95747e-06
37.8 , -8.82995e-06
37.9 , -1.26175e-05
38 , -1.63175e-05
38.1 , -1.99272e-05
38.2 , -2.34444e-05
38.3 , -2.68667e-05
38.4 , -3.01922e-05
38.5 , -3.34188e-05
38.6 , -3.6545e-05
38.7 , -3.9569e-05
38.8 , -4.24895e-05
38.9 , -4.53053e-05
39 , -4.80152e-05
39.1 , -5.06182e-05
39.2 , -5.31137e-05
39.3 , -5.55008e-05
39.4 , -5.77792e-05
39.5 , -5.99485e-05
39.6 , -6.20084e-05
39.7 , -6.39589e-05
39.8 , -6.58e-05
39.9 , -6.75319e-05
40 , -6.91548e-05
40.1 , -7.06693e-05
40.2 , -7.20759e-05
40.3 , -7.33751e-05
40.4 , -7.45678e-05
40.5 , -7.56549e-05
40.6 , -7.66374e-05
40.7 , -7.75162e-05
40.8 , -7.82926e-05
40.9 , -7.89679e-05
41 , -7.95434e-05
41.1 , -8.00205e-05
41.2 , -8.04007e-05
41.3 , -8.06856e-05
41.4 , -8.0877e-05
41.5 , -8.09764e-05
41.6 , -8.09858e-05
41.7 , -8.09069e-05
41.8 , -8.07417e-05
41.9 , -8.04921e-05
42 , -8.01601e-05
42.1 , -7.97478e-05
42.2 , -7.92573e-05
42.3 , -7.86907e-05
42.4 , -7.80501e-05
42.5 , -7.73379e-05
42.6 , -7.65561e-05
42.7 , -7.57072e-05
42.8 , -7.47932e-05
42.9 , -7.38167e-05
43 , -7.27797e-05
43.1 , -7.16848e-05
43.2 , -7.05342e-05
43.3 , -6.93302e-05
43.4 , -6.80753e-05
43.5 , -6.67718e-05
43.6 , -6.5422e-05
43.7 , -6.40283e-05
43.8 , -6.2593e-05
43.9 , -6.11185e-05
44 , -5.96071e-05
44.1 , -5.80612e-05
44.2 , -5.64831e-05
44.3 , -5.4875e-05
44.4 , -5.32392e-05
44.5 , -5.1578e-05
44.6 , -4.98937e-05
44.7 , -4.81884e-05
44.8 , -4.64644e-05
44.9 , -4.47238e-05
45 , -4.29688e-05
45.1 , -4.12014e-05
45.2 , -3.94239e-05
45.3 , -3.76381e-05
45.4 , -3.58462e-05
45.5 , -3.40502e-05
45.6 , -3.22519e-05
45.7 , -3.04534e-05
45.8 , -2.86565e-05
45.9 , -2.6863e-05
46 , -2.50747e-05
46.1 , -2.32935e-05
46.2 , -2.1521e-05
46.3 , -1.97589e-05
46.4 , -1.80089e-05
46.5 , -1.62726e-05
46.6 , -1.45515e-05
46.7 , -1.28471e-05
46.8 , -1.11609e-05
46.9 , -9.49437e-06
47 , -7.8488e-06
47.1 , -6.22555e-06
47.2 , -4.62591e-06
47.3 , -3.05111e-06
47.4 , -1.50233e-06
47.5 , 1.92701e-08
47.6 , 1.51261e-06
47.7 , 2.97666e-06
47.8 , 4.4104e-06
47.9 , 5.81289e-06
48 , 7.18324e-06
48.1 , 8.52059e-06
48.2 , 9.82415e-06
48.3 , 1.10931e-05
48.4 , 1.23269e-05
48.5 , 1.35247e-05
48.6 , 1.46861e-05
48.7 , 1.58103e-05
48.8 , 1.68969e-05
48.9 , 1.79455e-05
